3.47107e+11 5.71472e+08 7.49052e+08 9.83419e-05 0.0005 0.39 0.00409529 6.55744e+07 1.00461 0.839361 0.00648911 6.38281e+06 0 0.919688
2.67005e+11 4.39594e+08 5.76194e+08 7.56476e-05 0.0005 0.39 0.00411053 3.15643e+07 1.00237 0.834005 0.00600465 2.97831e+06 0 0.918416
2.05388e+11 3.38149e+08 4.43226e+08 9.83419e-05 0.0005 0.39 0.00411086 4.10083e+07 1.00239 0.868159 0.00889653 3.89249e+06 0 0.947367
2.05388e+11 3.38149e+08 4.43226e+08 5.81905e-05 0.0005 0.39 0.00414792 1.41216e+07 1.00507 0.822829 0.027245 35177.1 0 0.634707
2.05388e+11 3.38149e+08 4.43226e+08 9.83419e-05 0.0005 0.39 0.00397078 4.13846e+07 1.00201 0.84858 0.00971713 3.65356e+06 0 0.952403
2.05388e+11 3.38149e+08 4.43226e+08 5.81905e-05 0.0005 0.39 0.00406508 1.48827e+07 1.00299 0.824001 0.0296916 1570.33 0 0.633097
2.28325e+11 3.25456e+08 5.16752e+08 8.70853e-05 0.0005 0.39 0.0039494 3.68201e+07 1.00107 0.838336 0.00504191 2.99785e+06 0 0.923214
2.51111e+11 3.3773e+08 5.52302e+08 0.000108453 0.0005 0.39 0.00378264 5.71257e+07 1.00252 0.850108 0.00681823 5.43298e+06 0 0.937679
1.98393e+11 4.27363e+08 5.34582e+08 0.000117958 0.0005 0.39 0.00524105 7.68386e+07 1.00173 0.860703 0.00904419 8.26495e+06 0 0.959921
1.65849e+11 4.18439e+08 4.48614e+08 7.9946e-05 0.0005 0.39 0.00566587 3.19675e+07 1.00288 0.843483 0.00923755 3.58088e+06 0 0.958691
2.22703e+11 3.19785e+08 4.64603e+08 0.000126327 0.0005 0.39 0.00392714 7.21074e+07 1.00132 0.889659 0.00675368 5.89296e+06 0 0.95466
2.55719e+11 3.01768e+08 4.23432e+08 9.35398e-05 0.0005 0.39 0.00269911 3.20356e+07 1.00086 0.88029 0.00511684 2.79679e+06 0 0.901996
2.50533e+11 2.97503e+08 5.16088e+08 0.000103385 0.0005 0.39 0.00337658 4.7489e+07 1.00121 0.857486 0.00574932 4.1983e+06 0 0.908671
1.58981e+11 4.23667e+08 4.61727e+08 0.000105688 0.0005 0.39 0.00593994 5.69192e+07 1.00172 0.864211 0.00969178 6.29908e+06 0 0.961432
2.58665e+11 3.26159e+08 5.25478e+08 9.41682e-05 0.0005 0.39 0.00339535 4.13245e+07 1.0011 0.852601 0.00508542 3.48361e+06 0 0.910591
2.14604e+11 3.07622e+08 3.86319e+08 8.75644e-05 0.0005 0.39 0.00339214 2.89657e+07 1.00203 0.863186 0.0082721 2.69366e+06 0 0.922224
1.75093e+11 2.81554e+08 5.24275e+08 0.000125247 0.0005 0.39 0.00505551 7.61391e+07 1.00064 0.83612 0.00761124 7.48142e+06 0 0.960183
1.61772e+11 2.97372e+08 5.06803e+08 0.000113005 0.0005 0.39 0.00543789 6.24553e+07 1.00068 0.813029 0.00822953 6.65484e+06 0 0.951607
1.58013e+11 3.86436e+08 4.9536e+08 0.000119042 0.0005 0.39 0.00607953 7.49347e+07 1.00088 0.845378 0.00915987 7.81187e+06 0 0.956693
2.65067e+11 3.88649e+08 5.42237e+08 0.000101117 0.0005 0.39 0.00382428 5.14484e+07 1.00408 0.837014 0.00630444 4.33352e+06 0 0.941716
2.1233e+11 3.1408e+08 3.68555e+08 0.000120252 0.0005 0.39 0.00332974 5.16882e+07 1.00181 0.901481 0.00935076 5.35229e+06 0 0.940554
2.09748e+11 3.36652e+08 3.45276e+08 0.000127037 0.0005 0.39 0.00321195 5.45665e+07 1.0017 0.885397 0.00794326 5.42857e+06 0 0.956796
1.64654e+11 3.50335e+08 3.60124e+08 0.000108422 0.0005 0.39 0.00460127 4.58415e+07 1.00276 0.874329 0.00801896 4.61696e+06 0 0.960424
1.94586e+11 4.11409e+08 3.85199e+08 7.63114e-05 0.0005 0.39 0.00425702 2.48728e+07 1.00276 0.856501 0.00881241 2.63292e+06 0 0.945771
2.48975e+11 3.51883e+08 5.6956e+08 7.93378e-05 0.0005 0.39 0.00402266 3.24776e+07 1.00344 0.827439 0.00398205 2.66603e+06 0 0.892423
2.19647e+11 4.34246e+08 5.32569e+08 0.000115208 0.0005 0.39 0.00458114 7.1292e+07 1.00123 0.876727 0.0102783 8.02975e+06 0 0.954885
1.6189e+11 4.00717e+08 3.41092e+08 0.000107507 0.0005 0.39 0.00437224 4.33373e+07 1.0015 0.879757 0.0129313 5.07169e+06 0 0.945665
2.12142e+11 3.69858e+08 4.60189e+08 0.000118925 0.0005 0.39 0.00406447 6.385e+07 1.00157 0.880602 0.0104007 6.75317e+06 0 0.954673
2.61521e+11 3.5576e+08 3.43585e+08 9.38583e-05 0.0005 0.39 0.00265835 2.72885e+07 1.00961 0.857345 0.00936249 2.65169e+06 0 0.903885
1.92128e+11 3.30769e+08 4.93116e+08 0.000125389 0.0005 0.39 0.00474835 7.58451e+07 1.00134 0.872128 0.00870132 7.58953e+06 0 0.950851
2.08108e+11 3.78939e+08 3.98609e+08 8.89305e-05 0.0005 0.39 0.00382336 3.25813e+07 1.00238 0.879682 0.0114969 3.48602e+06 0 0.935624
1.81554e+11 3.51528e+08 4.69799e+08 8.32231e-05 0.0005 0.39 0.00481795 3.37561e+07 1.00082 0.831088 0.00712873 3.35628e+06 0 0.94106
2.33839e+11 4.07825e+08 4.89658e+08 0.000100359 0.0005 0.39 0.00404553 4.92131e+07 1.00253 0.864201 0.00857467 5.13201e+06 0 0.92638
2.22766e+11 3.86069e+08 5.24933e+08 8.03665e-05 0.0005 0.39 0.00424147 3.31187e+07 1.00132 0.817045 0.00677337 3.30846e+06 0 0.94599
1.94285e+11 3.70376e+08 5.23083e+08 8.10304e-05 0.0005 0.39 0.00491177 3.46969e+07 1.00088 0.827077 0.00660489 3.45993e+06 0 0.958622
1.69891e+11 3.91144e+08 5.74345e+08 9.1202e-05 0.0005 0.39 0.00639998 5.01135e+07 1.00127 0.841809 0.00829057 4.82231e+06 0 0.941535
2.20709e+11 4.38275e+08 4.16645e+08 7.63324e-05 0.0005 0.39 0.00391722 2.57838e+07 1.00294 0.856114 0.0106282 2.71184e+06 0 0.931238
2.10214e+11 4.25343e+08 5.09088e+08 9.0896e-05 0.0005 0.39 0.00463727 4.39375e+07 1.00102 0.861381 0.0101517 4.55224e+06 0 0.954666
1.67287e+11 3.65481e+08 4.61086e+08 0.000100225 0.0005 0.39 0.00525115 4.9456e+07 1.00052 0.846082 0.0067616 4.75939e+06 0 0.95693
2.49063e+11 4.11104e+08 4.63414e+08 8.47397e-05 0.0005 0.39 0.0036743 3.26638e+07 1.0045 0.851641 0.00844223 3.11979e+06 0 0.909604
1.7123e+11 3.40806e+08 5.75833e+08 0.000125828 0.0005 0.39 0.00614485 8.99344e+07 1.00146 0.837803 0.00778656 9.50344e+06 0 0.96865
1.59598e+11 2.95618e+08 5.42511e+08 8.9351e-05 0.0005 0.39 0.00584225 4.03963e+07 1.00206 0.794171 0.00673721 4.03431e+06 0 0.963936
2.19846e+11 3.30015e+08 4.73022e+08 0.000115334 0.0005 0.39 0.00379345 5.92726e+07 1.00088 0.870409 0.00580763 5.07848e+06 0 0.949424
2.3848e+11 2.98022e+08 3.52183e+08 9.70838e-05 0.0005 0.39 0.00293713 3.00734e+07 1.00906 0.877772 0.00681823 2.47357e+06 0 0.865476
2.51457e+11 3.48238e+08 3.7294e+08 9.36203e-05 0.0005 0.39 0.00292157 3.10918e+07 1.004 0.880501 0.0092676 2.96712e+06 0 0.906535
2.34212e+11 3.35349e+08 3.77419e+08 0.000103364 0.0005 0.39 0.0030975 3.83096e+07 1.00325 0.886794 0.00895538 3.76064e+06 0 0.93653
2.4725e+11 3.30953e+08 3.50888e+08 0.00010644 0.0005 0.39 0.00269894 3.60625e+07 1.0045 0.879159 0.00895098 3.37843e+06 0 0.932799
2.00229e+11 3.62822e+08 3.6532e+08 0.000115662 0.0005 0.39 0.00375286 4.96264e+07 1.00373 0.895007 0.0105165 4.35517e+06 0 0.958788
2.44131e+11 2.82365e+08 5.697e+08 9.26299e-05 0.0005 0.39 0.00382582 4.1154e+07 1.0024 0.813471 0.00323436 3.16848e+06 0 0.921275
1.77286e+11 3.23322e+08 3.75724e+08 0.000110822 0.0005 0.39 0.00409697 4.74517e+07 1.00124 0.87932 0.00716596 4.32955e+06 0 0.954267
1.81109e+11 4.02375e+08 5.74171e+08 0.000127336 0.0005 0.39 0.00597333 9.45841e+07 1.00138 0.833104 0.00864853 9.57604e+06 0 0.969447
1.7251e+11 4.04622e+08 4.30682e+08 7.58858e-05 0.0005 0.39 0.00533888 2.82482e+07 1.00239 0.83231 0.0122464 3.18482e+06 0 0.925599
1.78169e+11 2.73773e+08 5.22718e+08 8.61834e-05 0.0005 0.39 0.00492919 3.59501e+07 1.00113 0.80371 0.0062666 3.45801e+06 0 0.943567
1.76687e+11 4.10416e+08 3.72498e+08 0.000111452 0.0005 0.39 0.004346 4.95648e+07 1.0021 0.881014 0.0135259 5.26745e+06 0 0.946464
1.62127e+11 4.10478e+08 3.80027e+08 8.59788e-05 0.0005 0.39 0.00519911 3.27984e+07 1.0024 0.847801 0.0106473 3.68239e+06 0 0.936152
1.94309e+11 3.74967e+08 5.36463e+08 8.40834e-05 0.0005 0.39 0.00523373 3.91183e+07 1.00156 0.829083 0.00698545 3.71429e+06 0 0.95841
1.74007e+11 2.85161e+08 3.76901e+08 9.71944e-05 0.0005 0.39 0.00407757 3.56084e+07 1.00169 0.847961 0.00632748 3.31313e+06 0 0.957782
2.34159e+11 4.27255e+08 3.62279e+08 0.000119752 0.0005 0.39 0.00312941 5.00075e+07 1.00433 0.901481 0.00961412 5.61393e+06 0 0.947976
2.07662e+11 3.15556e+08 3.76406e+08 9.75277e-05 0.0005 0.39 0.00331388 3.42096e+07 1.00163 0.885271 0.00688871 3.17036e+06 0 0.942172
2.5741e+11 3.39305e+08 5.06724e+08 0.000122556 0.0005 0.39 0.00344143 6.69785e+07 1.00234 0.889543 0.00709411 6.16146e+06 0 0.946077
2.29629e+11 3.88149e+08 3.85278e+08 9.2455e-05 0.0005 0.39 0.00358181 3.29994e+07 1.00726 0.867604 0.00871248 3.43549e+06 0 0.938253
1.63513e+11 3.05548e+08 5.04952e+08 8.29665e-05 0.0005 0.39 0.00546461 3.44038e+07 1.00093 0.813014 0.0067047 3.34703e+06 0 0.948993
1.70449e+11 2.85445e+08 4.60993e+08 0.000114891 0.0005 0.39 0.00481261 5.86443e+07 1.00107 0.847941 0.00620772 5.01063e+06 0 0.968629
2.0815e+11 2.8343e+08 3.55856e+08 0.000118098 0.0005 0.39 0.00312697 4.68516e+07 1.00127 0.897379 0.00811661 4.08869e+06 0 0.932162
1.92623e+11 3.75416e+08 4.47853e+08 8.54034e-05 0.0005 0.39 0.00464169 3.51351e+07 1.00159 0.847615 0.00877685 3.4737e+06 0 0.950014
2.26951e+11 2.66848e+08 4.6942e+08 0.000124951 0.0005 0.39 0.00348126 6.35372e+07 1.0012 0.862804 0.00561656 5.24245e+06 0 0.925181
1.66037e+11 3.71671e+08 4.58182e+08 0.000126024 0.0005 0.39 0.00560026 7.83708e+07 1.00165 0.865267 0.00790498 7.82193e+06 0 0.961932
2.03911e+11 3.70831e+08 3.91078e+08 9.43588e-05 0.0005 0.39 0.00387176 3.56896e+07 1.00302 0.889991 0.00927279 3.73109e+06 0 0.945
1.76997e+11 3.96791e+08 3.60189e+08 0.00011389 0.0005 0.39 0.00418468 4.97436e+07 1.00195 0.89841 0.0121329 5.60035e+06 0 0.952665
1.67717e+11 3.93656e+08 3.9761e+08 9.65397e-05 0.0005 0.39 0.00479353 4.07745e+07 1.00109 0.867257 0.0105779 3.99289e+06 0 0.956224
2.06989e+11 4.1871e+08 3.44693e+08 0.00011252 0.0005 0.39 0.00357787 4.52316e+07 1.00408 0.893801 0.0126737 5.48578e+06 0 0.944651
2.61337e+11 2.79003e+08 5.22459e+08 0.000117201 0.0005 0.39 0.0033383 5.97181e+07 1.00246 0.845996 0.00578199 4.62193e+06 0 0.893519
2.10104e+11 4.32534e+08 4.15806e+08 8.00683e-05 0.0005 0.39 0.00425444 2.90715e+07 1.00348 0.844177 0.0108481 2.96983e+06 0 0.934685
1.92118e+11 3.77363e+08 5.15039e+08 8.95634e-05 0.0005 0.39 0.00503384 4.29396e+07 1.00088 0.834436 0.00647167 3.99916e+06 0 0.956355
2.46119e+11 3.86144e+08 3.9301e+08 7.81264e-05 0.0005 0.39 0.00322523 2.3588e+07 1.00496 0.86499 0.00801468 2.3967e+06 0 0.903607
2.3032e+11 2.95512e+08 3.53021e+08 8.25471e-05 0.0005 0.39 0.00280392 2.19756e+07 1.00347 0.877571 0.0265334 74702.5 0 0.549842
2.47952e+11 3.63025e+08 4.78298e+08 0.000106533 0.0005 0.39 0.00344741 5.10467e+07 1.00112 0.873077 0.00703871 4.71404e+06 0 0.938325
1.6243e+11 2.74462e+08 3.57786e+08 0.000112026 0.0005 0.39 0.00425581 4.56294e+07 1.00171 0.88977 0.00802352 4.51121e+06 0 0.952247
2.54398e+11 3.77448e+08 3.55852e+08 0.000102105 0.0005 0.39 0.00273513 3.39184e+07 1.00604 0.879084 0.010083 3.92372e+06 0 0.924625
1.70138e+11 4.31955e+08 5.5226e+08 8.85783e-05 0.0005 0.39 0.00621428 4.64293e+07 1.00106 0.842684 0.00984605 5.3026e+06 0 0.958329
2.66161e+11 4.3534e+08 5.20941e+08 0.000107539 0.0005 0.39 0.00374005 5.78395e+07 1.00317 0.879516 0.00877395 5.92918e+06 0 0.947117
2.01603e+11 2.75774e+08 4.41524e+08 8.15521e-05 0.0005 0.39 0.00382917 2.77828e+07 1.00111 0.828294 0.00555204 2.25953e+06 0 0.901418
2.42544e+11 2.99772e+08 3.55278e+08 9.20516e-05 0.0005 0.39 0.00274184 2.76348e+07 1.00356 0.878812 0.00792357 2.39808e+06 0 0.881218
1.81241e+11 3.40083e+08 4.89632e+08 0.000125392 0.0005 0.39 0.0051399 7.8495e+07 1.00109 0.873294 0.00749922 7.2963e+06 0 0.963699
2.01351e+11 4.1736e+08 3.75041e+08 9.30662e-05 0.0005 0.39 0.00385098 3.45514e+07 1.00233 0.887598 0.00995029 3.74404e+06 0 0.951107
2.52745e+11 2.85868e+08 3.58376e+08 8.1296e-05 0.0005 0.39 0.00256603 2.08943e+07 1.00411 0.87063 0.0299263 567.853 0 0.398986
2.22471e+11 3.63421e+08 4.51559e+08 0.000112902 0.0005 0.39 0.00377165 5.62574e+07 1.00116 0.887382 0.00810425 5.59977e+06 0 0.956805
2.20106e+11 3.11653e+08 5.59878e+08 0.000118873 0.0005 0.39 0.00432492 7.19936e+07 1.00088 0.849866 0.00649106 6.67372e+06 0 0.946774
2.06248e+11 4.24009e+08 3.97839e+08 9.20255e-05 0.0005 0.39 0.0038983 3.56476e+07 1.00176 0.878491 0.0100295 3.61931e+06 0 0.953243
1.63827e+11 3.50758e+08 4.89426e+08 0.000101893 0.0005 0.39 0.00567226 5.36336e+07 1.00077 0.834958 0.00871233 5.76376e+06 0 0.961207
1.96297e+11 4.08704e+08 4.39705e+08 8.91804e-05 0.0005 0.39 0.00447247 3.69944e+07 1.00204 0.871419 0.00761291 3.69664e+06 0 0.951497
2.13908e+11 3.00241e+08 5.31951e+08 8.58895e-05 0.0005 0.39 0.00413525 3.53773e+07 1.00112 0.816743 0.00636578 3.20406e+06 0 0.917229
1.70609e+11 4.33239e+08 5.35143e+08 8.97871e-05 0.0005 0.39 0.00630919 4.7903e+07 1.00126 0.839427 0.00794846 5.05137e+06 0 0.958884
1.7421e+11 3.39822e+08 4.37822e+08 9.23772e-05 0.0005 0.39 0.00475445 3.90273e+07 1.00083 0.847278 0.0083899 3.981e+06 0 0.960836
1.67836e+11 3.00048e+08 5.27628e+08 9.90127e-05 0.0005 0.39 0.00524229 4.86247e+07 1.00046 0.799167 0.00517878 4.70829e+06 0 0.955172
1.929e+11 2.64904e+08 3.70165e+08 0.000126067 0.0005 0.39 0.00346173 5.53645e+07 1.00098 0.900511 0.00814942 4.9464e+06 0 0.942465
2.3485e+11 3.65046e+08 3.89999e+08 9.77931e-05 0.0005 0.39 0.00312483 3.59243e+07 1.00211 0.875319 0.00839019 3.78116e+06 0 0.915671
2.1675e+11 2.99822e+08 3.96139e+08 0.000104458 0.0005 0.39 0.00328856 4.10448e+07 1.00108 0.883055 0.00817628 4.08898e+06 0 0.918028
1.82229e+11 4.29289e+08 4.86173e+08 0.000123693 0.0005 0.39 0.00540221 7.98153e+07 1.0016 0.882507 0.00764113 7.59271e+06 0 0.960989
1.90355e+11 3.44989e+08 5.40063e+08 0.000112536 0.0005 0.39 0.00509657 6.8114e+07 1.00051 0.851022 0.00865966 7.12967e+06 0 0.96013
2.69961e+11 2.46055e+08 4.89328e+08 0.000126786 0.0005 0.39 0.00271924 5.80534e+07 1.00208 0.852822 0.00446072 4.91872e+06 0 0.84491
2.69961e+11 4.10223e+08 4.89328e+08 0.000106553 0.0005 0.39 0.00344298 5.27526e+07 1.0031 0.894741 0.00841874 4.92929e+06 0 0.93293
2.63876e+11 3.82792e+08 4.81022e+08 0.000121274 0.0005 0.39 0.00333006 6.49768e+07 1.00213 0.897857 0.00729826 6.0737e+06 0 0.951095
2.65281e+11 2.56194e+08 4.34888e+08 0.000138015 0.0005 0.39 0.00282819 6.64948e+07 1.00437 0.870916 0.00281274 4.5585e+06 0 0.872573
2.48837e+11 2.98795e+08 4.26219e+08 9.87733e-05 0.0005 0.39 0.00294081 3.75094e+07 1.00102 0.877973 0.00769318 3.25769e+06 0 0.8834
1.91964e+11 3.77833e+08 4.12536e+08 0.00012084 0.0005 0.39 0.00431044 6.28057e+07 1.00169 0.905029 0.0114377 5.54071e+06 0 0.960036
1.80798e+11 2.93526e+08 4.42983e+08 0.000108207 0.0005 0.39 0.00437605 5.04928e+07 1.00075 0.844363 0.00673733 4.59804e+06 0 0.945106
2.76445e+11 3.43804e+08 3.08826e+08 0.000132142 0.0005 0.39 0.00207898 4.59763e+07 1.00297 0.884598 0.00940995 4.8515e+06 0 0.93116
2.16714e+11 2.37727e+08 4.43605e+08 0.000120948 0.0005 0.39 0.00345763 5.51408e+07 1.00201 0.874178 0.0032014 3.9886e+06 0 0.919726
2.46437e+11 2.62395e+08 3.74866e+08 0.000129669 0.0005 0.39 0.00269255 5.43247e+07 1.00192 0.882441 0.00641797 4.47968e+06 0 0.906164
2.05417e+11 3.01321e+08 3.30477e+08 0.000136481 0.0005 0.39 0.00299345 5.76425e+07 1.00122 0.891403 0.00963624 6.21018e+06 0 0.94575
2.6145e+11 3.71632e+08 3.06805e+08 0.000134855 0.0005 0.39 0.00232924 4.9518e+07 1.00453 0.901647 0.0101175 5.35102e+06 0 0.935122
2.3183e+11 3.39368e+08 2.74428e+08 0.000151198 0.0005 0.39 0.00228133 5.65834e+07 1.00173 0.886553 0.0118929 6.41903e+06 0 0.934216
2.25777e+11 3.50415e+08 4.69503e+08 0.000118604 0.0005 0.39 0.00388792 6.38294e+07 1.00175 0.884236 0.00707824 5.75634e+06 0 0.952812
1.81733e+11 3.22281e+08 4.67906e+08 0.000121596 0.0005 0.39 0.00474913 6.88409e+07 1.00094 0.867041 0.00828293 6.84289e+06 0 0.959137
2.2961e+11 3.28917e+08 2.79975e+08 9.33583e-05 0.0005 0.39 0.00244366 2.26516e+07 1.00609 0.874575 0.0216461 636535 0 0.706299
2.56861e+11 3.33725e+08 4.68276e+08 0.000125672 0.0005 0.39 0.00333754 6.64464e+07 1.00299 0.886105 0.0107737 6.27514e+06 0 0.90769
2.27388e+11 3.57931e+08 2.93622e+08 0.00014061 0.0005 0.39 0.00281249 5.34049e+07 1.00933 0.900978 0.0114176 6.15345e+06 0 0.943058
1.79761e+11 2.249e+08 3.90352e+08 9.62227e-05 0.0005 0.39 0.00365124 3.28727e+07 1.00078 0.851676 0.00575191 3.02818e+06 0 0.915399
1.84224e+11 3.39235e+08 4.80223e+08 0.0001349 0.0005 0.39 0.00504118 8.81616e+07 1.00161 0.889006 0.00866456 8.82933e+06 0 0.956174
2.24822e+11 3.04209e+08 3.13941e+08 0.000133687 0.0005 0.39 0.00265591 5.1386e+07 1.00241 0.882969 0.00941071 5.39993e+06 0 0.931506
2.02114e+11 2.90422e+08 3.42657e+08 0.000104071 0.0005 0.39 0.00325452 3.64786e+07 1.00181 0.890483 0.00842148 3.57909e+06 0 0.937538
2.4307e+11 2.38563e+08 4.55799e+08 0.000115381 0.0005 0.39 0.00305525 4.99457e+07 1.00151 0.841955 0.00449671 3.50993e+06 0 0.862379
1.88704e+11 2.97507e+08 2.87665e+08 0.000141775 0.0005 0.39 0.00296445 5.56211e+07 1.00142 0.886653 0.0124285 6.06136e+06 0 0.946836
2.23817e+11 2.65245e+08 3.40699e+08 8.45128e-05 0.0005 0.39 0.00255935 2.11406e+07 1.00181 0.870775 0.0298672 1489.53 0 0.49699
2.50926e+11 2.28537e+08 4.61795e+08 0.000101672 0.0005 0.39 0.00287672 3.81871e+07 1.00143 0.819377 0.00284569 2.68352e+06 0 0.843892
2.52907e+11 2.93131e+08 3.00036e+08 9.92429e-05 0.0005 0.39 0.00212978 2.54656e+07 1.00297 0.881386 0.0254998 268353 0 0.52607
1.99844e+11 2.68288e+08 3.38545e+08 9.1041e-05 0.0005 0.39 0.00325832 2.64386e+07 1.00511 0.870881 0.00914599 2.38547e+06 0 0.896307
1.66681e+11 3.60854e+08 3.95659e+08 0.000113402 0.0005 0.39 0.0047543 5.42481e+07 1.00128 0.866744 0.0120508 6.47181e+06 0 0.934888
2.74554e+11 3.1856e+08 4.15942e+08 0.000113185 0.0005 0.39 0.00266888 4.62713e+07 1.00261 0.884713 0.00782089 4.06431e+06 0 0.885021
2.18219e+11 3.48498e+08 3.83955e+08 0.00011288 0.0005 0.39 0.00331555 4.66741e+07 1.00232 0.885618 0.010739 4.62649e+06 0 0.942684
1.68929e+11 3.64912e+08 3.33844e+08 0.000122394 0.0005 0.39 0.00394879 5.27006e+07 1.00089 0.893605 0.0101952 5.79089e+06 0 0.958888
1.67696e+11 3.32839e+08 4.2107e+08 0.000138003 0.0005 0.39 0.00495909 8.27018e+07 1.00156 0.873816 0.00858017 7.93752e+06 0 0.962028
1.93219e+11 3.56792e+08 3.27824e+08 8.39131e-05 0.0005 0.39 0.00348141 2.41915e+07 1.00248 0.864327 0.00931444 2.50335e+06 0 0.929549
2.57504e+11 3.32867e+08 3.26509e+08 9.90485e-05 0.0005 0.39 0.00246929 2.86635e+07 1.00611 0.856365 0.0078021 2.63458e+06 0 0.896691
2.15237e+11 3.21842e+08 4.73105e+08 9.02291e-05 0.0005 0.39 0.00417845 3.71417e+07 1.00393 0.840965 0.00613295 3.27984e+06 0 0.939284
2.39363e+11 3.26764e+08 3.28709e+08 0.000142702 0.0005 0.39 0.00261212 6.04212e+07 1.0023 0.895208 0.0121454 6.60119e+06 0 0.923448
1.90301e+11 2.24537e+08 4.60969e+08 0.000117903 0.0005 0.39 0.00390927 5.4434e+07 1.0013 0.806575 0.00685849 4.361e+06 0 0.9379
2.7287e+11 2.48382e+08 3.5989e+08 8.5902e-05 0.0005 0.39 0.00216794 2.15802e+07 1.00264 0.857597 0.0246062 3488.82 0 0.223309
2.08763e+11 2.50869e+08 4.08262e+08 0.000146451 0.0005 0.39 0.00367705 8.19525e+07 1.00148 0.892278 0.00700148 6.34447e+06 0 0.941069
2.59239e+11 3.68358e+08 3.06487e+08 0.000117857 0.0005 0.39 0.00232039 3.80763e+07 1.00469 0.886442 0.00970444 4.11596e+06 0 0.909863
2.80736e+11 2.8908e+08 3.70633e+08 9.10235e-05 0.0005 0.39 0.00220701 2.61138e+07 1.00146 0.865885 0.0260267 10418.1 0 0.321226
2.11665e+11 3.60553e+08 4.18485e+08 0.000134039 0.0005 0.39 0.00398038 7.42223e+07 1.00352 0.904476 0.00835405 7.10398e+06 0 0.959637
2.75028e+11 3.45108e+08 4.41038e+08 0.000115669 0.0005 0.39 0.00282482 5.27536e+07 1.00139 0.88602 0.00702712 4.56694e+06 0 0.902436
2.27826e+11 3.01375e+08 3.92202e+08 0.000150542 0.0005 0.39 0.00331251 8.19231e+07 1.00283 0.900928 0.00733093 7.73513e+06 0 0.949118
1.83287e+11 2.64927e+08 4.79846e+08 0.000124296 0.0005 0.39 0.00438824 6.61606e+07 1.00126 0.83819 0.00709928 6.66131e+06 0 0.958382
2.08869e+11 3.83491e+08 4.4996e+08 0.000100429 0.0005 0.39 0.00400252 4.48792e+07 1.00141 0.870976 0.00953995 4.52436e+06 0 0.956955
2.19839e+11 3.585e+08 3.30171e+08 9.26065e-05 0.0005 0.39 0.00316664 2.82592e+07 1.00567 0.885065 0.00977449 3.0813e+06 0 0.903173
2.54507e+11 3.31873e+08 4.50582e+08 9.51811e-05 0.0005 0.39 0.0031744 3.72353e+07 1.00259 0.874108 0.00628523 3.29431e+06 0 0.890072
2.19438e+11 3.31009e+08 3.3685e+08 0.000149718 0.0005 0.39 0.00309322 7.22423e+07 1.00251 0.897786 0.0115747 7.6217e+06 0 0.937095
2.76024e+11 3.67068e+08 4.29778e+08 0.000128084 0.0005 0.39 0.00282607 6.39429e+07 1.00134 0.890026 0.0114691 5.77168e+06 0 0.932677
2.37196e+11 3.52986e+08 3.85505e+08 0.000150893 0.0005 0.39 0.00322508 8.19535e+07 1.00357 0.878777 0.00907747 8.50039e+06 0 0.943527
2.77298e+11 3.03586e+08 4.45744e+08 0.000131169 0.0005 0.39 0.00269116 6.34203e+07 1.00151 0.886427 0.00692517 4.95674e+06 0 0.910391
2.45806e+11 3.48373e+08 2.88237e+08 0.000100679 0.0005 0.39 0.00237456 2.59293e+07 1.00918 0.874093 0.00896148 2.62508e+06 0 0.925022
2.12028e+11 2.44617e+08 3.91491e+08 9.90912e-05 0.0005 0.39 0.003009 3.34369e+07 1.00079 0.859316 0.00387218 2.62209e+06 0 0.905661
1.73478e+11 2.30695e+08 3.54153e+08 0.000127579 0.0005 0.39 0.00359783 5.39241e+07 1.00069 0.874515 0.00707168 4.6297e+06 0 0.938981
2.78052e+11 3.56477e+08 4.8154e+08 0.00012875 0.0005 0.39 0.00321211 7.11606e+07 1.00349 0.87443 0.00725492 6.29871e+06 0 0.935434
2.34854e+11 3.59394e+08 3.4347e+08 9.32855e-05 0.0005 0.39 0.00277281 2.84771e+07 1.0023 0.878913 0.00875595 2.84183e+06 0 0.930401
2.2428e+11 3.7648e+08 3.82309e+08 8.43243e-05 0.0005 0.39 0.00333372 2.73154e+07 1.00229 0.876948 0.00831971 2.6621e+06 0 0.913719
2.14194e+11 2.5178e+08 3.53128e+08 0.000110503 0.0005 0.39 0.00288204 3.94081e+07 1.00091 0.891921 0.00688353 3.28509e+06 0 0.918752
2.71396e+11 3.86615e+08 4.39819e+08 0.00010134 0.0005 0.39 0.00314741 4.16253e+07 1.00583 0.891358 0.00896089 3.99545e+06 0 0.916545
1.62095e+11 3.52258e+08 4.62605e+08 0.00012285 0.0005 0.39 0.0053279 7.09256e+07 1.00097 0.834074 0.00796081 6.92847e+06 0 0.962912
2.13413e+11 3.52854e+08 4.76037e+08 8.80658e-05 0.0005 0.39 0.00429365 3.70451e+07 1.00272 0.845986 0.0077179 3.62817e+06 0 0.947479
2.63463e+11 3.2707e+08 3.44169e+08 0.000112943 0.0005 0.39 0.00233244 3.77545e+07 1.00298 0.892107 0.0065611 3.55955e+06 0 0.901462
2.41955e+11 3.27746e+08 3.17431e+08 0.000126585 0.0005 0.39 0.00235884 4.49821e+07 1.00146 0.892609 0.0100495 4.8504e+06 0 0.928753
1.71126e+11 2.53977e+08 3.99727e+08 0.000113643 0.0005 0.39 0.00434234 5.03665e+07 1.00167 0.845272 0.00585675 4.38582e+06 0 0.942072
2.42611e+11 3.1277e+08 4.65765e+08 0.000105228 0.0005 0.39 0.00335308 4.75918e+07 1.0009 0.888277 0.00794602 3.95703e+06 0 0.917969
2.48486e+11 2.97005e+08 2.77372e+08 9.84429e-05 0.0005 0.39 0.00218641 2.30707e+07 1.00889 0.874369 0.00808808 2.18505e+06 0 0.86871
2.20552e+11 3.5335e+08 3.54704e+08 0.000128651 0.0005 0.39 0.00300612 5.51845e+07 1.00155 0.883145 0.00938769 6.22474e+06 0 0.944023
2.30374e+11 3.23986e+08 2.7478e+08 0.000150173 0.0005 0.39 0.0023677 5.42801e+07 1.00492 0.887086 0.0103583 6.09282e+06 0 0.948275
1.90447e+11 2.97408e+08 3.39253e+08 0.000118503 0.0005 0.39 0.00355084 4.69116e+07 1.00332 0.900259 0.00877578 4.85091e+06 0 0.933586
1.744e+11 2.41965e+08 2.86077e+08 9.74025e-05 0.0005 0.39 0.00309325 2.59984e+07 1.00258 0.894218 0.00771849 2.43407e+06 0 0.931959
2.32316e+11 2.18822e+08 3.82335e+08 0.000108411 0.0005 0.39 0.00271786 3.76702e+07 1.00134 0.871283 0.00479991 2.69036e+06 0 0.871617
2.79792e+11 3.07963e+08 3.47325e+08 0.000114494 0.0005 0.39 0.00221067 3.82267e+07 1.00336 0.881517 0.00710141 3.45471e+06 0 0.86354
2.79437e+11 2.49167e+08 4.18067e+08 0.000104705 0.0005 0.39 0.00240584 3.61906e+07 1.00248 0.864432 0.00265221 2.68641e+06 0 0.814663
2.00453e+11 3.49842e+08 3.8299e+08 0.000151133 0.0005 0.39 0.00370955 8.60897e+07 1.00118 0.905135 0.0102985 1.00335e+07 0 0.949106
2.07233e+11 3.77461e+08 4.93554e+08 9.75192e-05 0.0005 0.39 0.00440564 4.71731e+07 1.00103 0.850238 0.00707198 4.55839e+06 0 0.957913
1.82124e+11 2.75046e+08 2.8029e+08 0.000106641 0.0005 0.39 0.00296674 3.11076e+07 1.00191 0.876892 0.00808501 3.02997e+06 0 0.940673
2.15906e+11 2.77583e+08 4.70848e+08 9.22735e-05 0.0005 0.39 0.00360486 3.55324e+07 1.0011 0.839482 0.00542615 3.04818e+06 0 0.919895
2.44287e+11 3.14858e+08 3.83631e+08 0.000137446 0.0005 0.39 0.00277846 6.48878e+07 1.00078 0.901591 0.00846587 6.10828e+06 0 0.924194
1.78863e+11 3.16442e+08 3.32862e+08 8.48762e-05 0.0005 0.39 0.00392849 2.56785e+07 1.00351 0.871298 0.00884888 2.56069e+06 0 0.941244
1.75006e+11 2.6821e+08 4.25669e+08 9.14311e-05 0.0005 0.39 0.00434399 3.44908e+07 1.00122 0.829792 0.00726975 3.32764e+06 0 0.94432
2.22211e+11 3.18886e+08 3.6616e+08 0.000123474 0.0005 0.39 0.00306897 5.21441e+07 1.00175 0.886005 0.00930893 5.23222e+06 0 0.937819
2.2303e+11 3.49379e+08 4.10139e+08 0.000112313 0.0005 0.39 0.00349606 5.03253e+07 1.00189 0.887563 0.0100528 4.87189e+06 0 0.940698
2.40173e+11 3.21018e+08 3.34866e+08 0.000110189 0.0005 0.39 0.0025865 3.72278e+07 1.00212 0.873444 0.00804062 3.64012e+06 0 0.911156
2.41438e+11 2.44488e+08 3.35359e+08 0.000104112 0.0005 0.39 0.00230407 3.05793e+07 1.00141 0.878848 0.00571149 2.37151e+06 0 0.826636
2.56825e+11 3.09964e+08 4.80153e+08 0.000127107 0.0005 0.39 0.0032527 6.8587e+07 1.00135 0.898239 0.00648955 5.59573e+06 0 0.926617
2.40415e+11 2.48263e+08 3.50575e+08 0.000106135 0.0005 0.39 0.00242246 3.30833e+07 1.00175 0.882843 0.0037864 2.50657e+06 0 0.857052
2.68908e+11 3.50465e+08 2.76662e+08 9.74857e-05 0.0005 0.39 0.00188382 2.19402e+07 1.00538 0.887091 0.00867387 2.15633e+06 0 0.856512
2.09599e+11 3.8212e+08 4.38432e+08 8.03904e-05 0.0005 0.39 0.00410964 2.92195e+07 1.00223 0.852083 0.00716063 2.89037e+06 0 0.948975
2.35005e+11 2.90756e+08 3.36352e+08 0.000119262 0.0005 0.39 0.00261975 4.24933e+07 1.00275 0.897108 0.00865709 3.78677e+06 0 0.905068
2.57173e+11 2.82978e+08 3.48525e+08 0.000121981 0.0005 0.39 0.00253722 4.37673e+07 1.00663 0.881697 0.00787095 3.74768e+06 0 0.878654
2.23222e+11 2.37801e+08 4.42319e+08 0.000133612 0.0005 0.39 0.00329863 6.59006e+07 1.00173 0.870434 0.00530208 5.22114e+06 0 0.89666
1.74092e+11 3.849e+08 4.62187e+08 8.50327e-05 0.0005 0.39 0.0054283 3.65546e+07 1.00234 0.846172 0.00700285 3.48119e+06 0 0.963337
1.9313e+11 2.3178e+08 3.77357e+08 0.000142633 0.0005 0.39 0.00357176 6.84044e+07 1.0028 0.895665 0.0069766 5.50811e+06 0 0.944263
2.48399e+11 3.2191e+08 3.64518e+08 0.000112002 0.0005 0.39 0.00260039 4.05166e+07 1.00197 0.885975 0.010286 4.30229e+06 0 0.905202
2.5064e+11 3.21953e+08 3.87611e+08 0.000125771 0.0005 0.39 0.00275479 5.47411e+07 1.00152 0.898495 0.00859253 5.24996e+06 0 0.919486
2.45392e+11 2.43877e+08 4.34865e+08 0.000121491 0.0005 0.39 0.00304213 5.44708e+07 1.00198 0.867433 0.00535365 4.14125e+06 0 0.864914
2.35697e+11 2.7735e+08 4.40267e+08 0.000139244 0.0005 0.39 0.00335402 7.46373e+07 1.0027 0.901762 0.00624158 5.83898e+06 0 0.926889
2.23848e+11 3.32183e+08 3.61648e+08 0.000101888 0.0005 0.39 0.00313643 3.60025e+07 1.00337 0.890328 0.00952532 3.54623e+06 0 0.919389
2.41909e+11 3.45944e+08 2.9145e+08 0.000127461 0.0005 0.39 0.00216749 4.16019e+07 1.00141 0.877822 0.00900696 4.62296e+06 0 0.936851
2.12815e+11 3.7309e+08 4.39733e+08 0.000116629 0.0005 0.39 0.00395031 5.93262e+07 1.00179 0.897344 0.0113912 6.16089e+06 0 0.950017
2.43399e+11 3.156e+08 3.67239e+08 0.00010364 0.0005 0.39 0.00271527 3.64053e+07 1.00141 0.883281 0.00808945 2.62022e+06 0 0.921646
2.61743e+11 2.78096e+08 5.03306e+08 9.15554e-05 0.0005 0.39 0.00318404 3.50646e+07 1.00325 0.825745 0.00488246 2.68123e+06 0 0.861714
1.87312e+11 2.69566e+08 3.0959e+08 0.000123973 0.0005 0.39 0.0030937 4.56897e+07 1.00121 0.876294 0.00952821 4.51922e+06 0 0.939524
2.03201e+11 2.35475e+08 3.55136e+08 0.000125107 0.0005 0.39 0.00322964 5.10049e+07 1.00216 0.893348 0.0062634 4.18884e+06 0 0.933333
2.20033e+11 2.7457e+08 3.13176e+08 8.23474e-05 0.0005 0.39 0.00255978 1.91762e+07 1.00276 0.860718 0.0265647 169894 0 0.534793
1.99104e+11 3.08024e+08 4.32106e+08 0.000130298 0.0005 0.39 0.00403485 7.18224e+07 1.00095 0.902607 0.00723938 6.50782e+06 0 0.963561
2.22697e+11 2.50106e+08 4.18134e+08 0.000131059 0.0005 0.39 0.00323073 6.1945e+07 1.00186 0.888774 0.00447292 4.70252e+06 0 0.923473
2.65474e+11 2.45669e+08 5.54085e+08 0.00011843 0.0005 0.39 0.00309935 5.79226e+07 1.00195 0.805444 0.00529157 4.53618e+06 0 0.892904
2.76206e+11 2.68017e+08 5.14981e+08 0.000135795 0.0005 0.39 0.00291135 7.29618e+07 1.00207 0.866292 0.00464549 5.08812e+06 0 0.876756
2.58092e+11 2.30632e+08 5.14981e+08 0.000135795 0.0005 0.39 0.00309887 7.11348e+07 1.00295 0.841131 0.0047349 5.30907e+06 0 0.800507
2.19728e+11 2.30632e+08 5.14981e+08 0.00010884 0.0005 0.39 0.00370282 4.91859e+07 1.00231 0.79128 0.00354945 3.7797e+06 0 0.869235
2.3012e+11 2.74942e+08 3.04722e+08 0.000132847 0.0005 0.39 0.00251051 4.67504e+07 1.00464 0.871263 0.0082791 4.60852e+06 0 0.923604
2.2965e+11 2.86461e+08 3.58316e+08 0.00015629 0.0005 0.39 0.00281401 7.66253e+07 1.00146 0.901787 0.00832991 7.72305e+06 0 0.936864
1.92966e+11 3.47461e+08 2.8964e+08 9.66924e-05 0.0005 0.39 0.00314175 2.76454e+07 1.00402 0.875334 0.00818832 2.71823e+06 0 0.954688
1.6987e+11 2.34223e+08 2.9915e+08 0.000112361 0.0005 0.39 0.00322065 3.66618e+07 1.00073 0.891509 0.00843246 3.17918e+06 0 0.942577
1.4576e+11 3.06582e+08 3.75105e+08 0.000127683 0.0005 0.39 0.00530133 6.57348e+07 1.00197 0.881959 0.0120801 6.70028e+06 0 0.959159
2.16911e+11 2.25061e+08 3.0602e+08 0.000157998 0.0005 0.39 0.00273267 6.36626e+07 1.00736 0.897113 0.00881302 6.30418e+06 0 0.908321
1.90074e+11 2.98288e+08 3.20826e+08 0.000138688 0.0005 0.39 0.00344815 6.05772e+07 1.0032 0.904878 0.0119895 6.68487e+06 0 0.941606
1.5731e+11 2.46728e+08 2.64396e+08 0.000150257 0.0005 0.39 0.00331741 5.67857e+07 1.00301 0.901239 0.0119631 6.16233e+06 0 0.931394
1.47739e+11 2.70769e+08 3.46836e+08 0.000145793 0.0005 0.39 0.00458584 7.31733e+07 1.00238 0.881044 0.00799681 6.79075e+06 0 0.965304
2.20638e+11 2.59092e+08 3.26487e+08 0.000146751 0.0005 0.39 0.00290709 6.2599e+07 1.00534 0.890544 0.00786866 5.83299e+06 0 0.920523
2.35212e+11 3.1587e+08 3.87296e+08 0.00015798 0.0005 0.39 0.00327086 8.93788e+07 1.00325 0.893293 0.00974321 9.0821e+06 0 0.931007
2.18655e+11 3.23728e+08 2.58949e+08 0.000123 0.0005 0.39 0.00227797 3.52372e+07 1.00333 0.892263 0.00965073 3.68155e+06 0 0.940073
1.7336e+11 3.2981e+08 2.74391e+08 0.000103992 0.0005 0.39 0.00336972 3.10491e+07 1.00362 0.888664 0.0114815 3.56721e+06 0 0.946293
1.49172e+11 3.28234e+08 3.5632e+08 0.000121648 0.0005 0.39 0.00473555 5.63537e+07 1.00091 0.871022 0.00821273 5.59718e+06 0 0.958179
1.44544e+11 2.58622e+08 3.7224e+08 0.000124459 0.0005 0.39 0.00476469 5.786e+07 1.00081 0.860668 0.00746855 5.4997e+06 0 0.958241
2.32289e+11 3.32479e+08 3.88792e+08 0.000132169 0.0005 0.39 0.00326766 6.47045e+07 1.00262 0.879873 0.00728178 5.47337e+06 0 0.953889
2.20387e+11 2.86966e+08 3.89233e+08 9.77969e-05 0.0005 0.39 0.00319332 3.49887e+07 1.00154 0.855868 0.00641782 3.09833e+06 0 0.928518
2.03167e+11 2.69417e+08 3.07401e+08 0.000103368 0.0005 0.39 0.00277645 3.08038e+07 1.00152 0.888413 0.009153 3.0194e+06 0 0.90661
2.11462e+11 2.95268e+08 2.63609e+08 0.000116924 0.0005 0.39 0.00235913 3.26464e+07 1.00289 0.87076 0.00846267 3.27248e+06 0 0.937663
2.22698e+11 2.15275e+08 3.33643e+08 0.000157622 0.0005 0.39 0.00271817 6.97689e+07 1.00257 0.899239 0.00702651 5.43562e+06 0 0.904634
2.2352e+11 2.55018e+08 3.69341e+08 0.000116601 0.0005 0.39 0.00294554 4.58164e+07 1.00116 0.886915 0.0076718 3.7312e+06 0 0.910035
1.83892e+11 3.25454e+08 2.90163e+08 0.000119354 0.0005 0.39 0.00321072 4.07609e+07 1.00383 0.886487 0.00965411 4.10655e+06 0 0.957448
1.57838e+11 3.05376e+08 4.00382e+08 0.000105429 0.0005 0.39 0.00481413 4.61831e+07 1.00086 0.835431 0.00820053 4.52303e+06 0 0.959587
2.13467e+11 2.87809e+08 3.54078e+08 0.000117869 0.0005 0.39 0.00294493 4.51189e+07 1.00116 0.878124 0.00763915 4.10944e+06 0 0.909842
2.44641e+11 2.29842e+08 5.54085e+08 0.00010745 0.0005 0.39 0.0034358 4.87521e+07 1.00231 0.805304 0.00269801 3.4451e+06 0 0.871948
1.64205e+11 2.21392e+08 4.60301e+08 0.00015323 0.0005 0.39 0.00470442 9.26898e+07 1.00219 0.805213 0.0073912 8.05344e+06 0 0.95634
2.10667e+11 2.22261e+08 4.60133e+08 9.09786e-05 0.0005 0.39 0.00354337 3.25221e+07 1.00124 0.804444 0.00494718 2.55037e+06 0 0.890462
2.41691e+11 2.29842e+08 4.45379e+08 0.000128405 0.0005 0.39 0.00300475 5.88231e+07 1.00222 0.868931 0.00583721 4.30409e+06 0 0.895239
1.68927e+11 2.74847e+08 4.60301e+08 9.06685e-05 0.0005 0.39 0.0047502 3.59601e+07 1.00129 0.811742 0.00579389 3.1756e+06 0 0.939799
1.64205e+11 2.21392e+08 4.59783e+08 0.00015323 0.0005 0.39 0.00491543 9.59242e+07 1.00254 0.817176 0.00624892 7.45615e+06 0 0.960642
2.56041e+11 3.74152e+08 4.60301e+08 9.06685e-05 0.0005 0.39 0.00324522 3.54717e+07 1.00174 0.876802 0.00862123 3.36285e+06 0 0.901824
2.14306e+11 3.03492e+08 4.60301e+08 9.06685e-05 0.0005 0.39 0.00371169 3.54401e+07 1.00092 0.833174 0.00663099 3.25524e+06 0 0.936093
1.74027e+11 2.07358e+08 2.38146e+08 9.53638e-05 0.0005 0.39 0.00245803 1.97091e+07 1.00213 0.867322 0.0284452 242583 0 0.615111
1.44086e+11 2.18397e+08 2.38146e+08 9.53638e-05 0.0005 0.39 0.00336226 2.14071e+07 1.00579 0.887578 0.00929384 2.18849e+06 0 0.926039
1.75233e+11 2.07358e+08 4.02467e+08 0.000161165 0.0005 0.39 0.00384901 8.4129e+07 1.00429 0.851952 0.0064288 6.70366e+06 0 0.940333
1.92408e+11 2.07358e+08 2.38146e+08 0.000161165 0.0005 0.39 0.00237423 5.426e+07 1.00229 0.871424 0.00732437 4.84695e+06 0 0.925524
2.41828e+11 2.8059e+08 3.59771e+08 0.000286665 0.0005 0.39 0.00318525 3.25253e+08 1.00101 0.914519 0.027743 5.44131e+06 0 0.809171
2.1495e+11 2.38734e+08 2.87174e+08 0.000229301 0.0005 0.39 0.00289334 1.28622e+08 1.01281 0.898415 0.0173408 1.18547e+06 0 0.895767
1.66284e+11 2.48962e+08 3.98266e+08 0.000228136 0.0005 0.39 0.0045033 2.10021e+08 1.00026 0.918128 0.00907731 1.84303e+07 0 0.94761
2.36434e+11 2.87323e+08 3.7056e+08 0.000312001 0.0005 0.39 0.00364302 4.24415e+08 1.00093 0.91676 0.0253654 5.46374e+06 0 0.851557
1.53644e+11 3.13485e+08 2.61005e+08 0.000293549 0.0005 0.39 0.00410018 2.84573e+08 1.00082 0.924124 0.0154082 2.55653e+07 0 0.96403
2.06698e+11 2.1538e+08 2.54627e+08 0.000274641 0.0005 0.39 0.00262601 2.05935e+08 1.00093 0.886422 0.019005 2.10766e+06 0 0.765558
